00 1100000110010000 1011000001010111 0111000111100111
00 0011110111100000 1001110010101100 1101101010001100
00 0010100010101111 0101101001101101 1000001100011100
00 1100101011001100 0001111010101100 1110100101111000
00 0000011010101100 1111010100011100 1111101111001000
00 0010110000110101 0011001101100011 0101111110011000
00 0101011101100100 1101101000010001 0011000101110101
00 0111100010000001 1001101100110110 0001001110110111
00 0000101111110001 0111000010100110 0111110010010111
00 1100110111011010 1100011110011101 1001010101110111
00 1010011011000101 1100000100010110 0110011111011011
00 0001011100110000 1111001111000001 0000101011110001
00 1010110100011011 1100010100100101 0111001001000000
00 0011101100110011 0110101111101110 1010011100100001
00 0010110010111011 0011000011110111 0101110110110010
00 0101110100111111 1011101011000100 0001100000000011
00 1100110000101101 1011100100001110 1000010100111011
00 1101000101110100 1110100001001011 1011100110111111
00 0111001001100101 1001101111011101 0000111001000010
00 1011100001110100 0010011111100101 1110000001011001
00 0100000001011010 1100010110010000 0000010111101010
00 1010010001011101 1010011000000000 0100101001011101
00 1000100011011001 0100010111011000 1100111010110001
00 1111101011000011 1110110100001001 1110011111001100
00 0111101110010001 0100110000100010 1100011110110011
00 1001011000001001 1000001010111000 0001100011000001
00 0011001010000100 0111110011001111 1010111101010011
00 1100101101100110 1000111101010010 0101101010111000
00 1111011011100111 0011001011000100 0010100110101011
00 0010010101000010 1110001000011100 0000011101011110
00 0101001111110100 0010000011011011 0111010011001111
00 0101100011010011 0110011010011001 1011111101101100
00 0010111000011000 1011111101011101 1110110101110101
00 1000101110110010 0010111101100010 1011101100010100
00 1000010010010100 0101011111111101 1101110010010001
00 0000011100000111 1011110100001111 1100010000010110
00 0111010001110111 0011101110001011 1011000000000010
00 1100001110110000 1000110010010011 0101000001000011
00 0101110100010111 0100100010000101 1010010110011100
00 0100001100011110 1000111011001001 1101000111100111
00 1001110000000011 0110110000111110 0000100001000001
00 1010000001101001 0111000001101110 0001000011010111
00 1011011111001110 0111111001000000 0011011000001110
00 1000111110100011 0111110000100000 0000101111000011
00 1110011110001110 1101001001011010 1011100111101000
00 0000011011010010 1110101100111010 1111001000001100
00 1011100111000110 1011000101010010 0110101100011000
00 1010000010011100 1001111000100111 0011111011000011
00 1100011101111111 1010010000011011 0110101110011010
00 1001111110111110 0000110101000000 1010110011111110
00 0001001101011011 1000010011111111 1001100001011010
00 0011101100101010 1001111000001001 1101100100110011
00 0001001101111001 1000110100011101 1010000010010110
00 1011001001001010 0011101111101001 1110111000110011
00 0001001111001101 0001110101101000 0011000100110101
00 0011011011011000 0001000011001011 0100011110100011
00 1000111101111100 0001001001101001 1010000111100101
00 0100010101010101 0110110110100100 1011001011111001
00 0111011100101010 1011111101101000 0011011010010010
00 1001011001101101 1010000011000111 0011011100110100
00 1000011011100111 1011010101100111 0011110001001110
00 0111000111001000 0000100111110111 0111101110111111
00 0010000101011011 1101100001001010 1111100110100101
00 0110100001100011 1011110001001101 0010010010110000
00 0001000110111110 1010010011111011 1011011010111001
00 0110011110100000 0000110001110000 0111010000010000
00 1110111011110010 0001001000101111 0000000100100001
00 0111001001100110 1010101111100011 0001111001001001
00 1011000001110000 0111000111110010 0010001001100010
00 1001101110000100 0100011010001100 1110001000010000
00 0110010011111111 1000001100001101 1110100000001100
00 1111110000010101 1100111110110000 1100101111000101
00 0011010111100111 0101100001101101 1000111001010100
00 1111010110000101 1011100001011010 1010110111011111
00 0110000101000001 0000100010100111 0110100111101000
00 1000101111111010 1001000011110010 0001110011101100
00 1000010111110101 0000011100000111 1000110011111100
00 0001010011011111 0000101110100010 0010000010000001
00 0100001110010100 0011001000001011 0111010110011111
00 0001110101110110 0101010101101100 0111001011100010
00 0100011000100011 0001010000100011 0101101001000110
00 0111100111010111 0101011101001100 1101000100100011
00 0011111110010010 0001001100110101 0101001011000111
00 1101011101111001 1000111100111000 0110011010110001
00 0101001011111110 1000111010110010 1110000110110000
00 1100101011011000 1000111101001000 0101101000100000
00 0101111010011010 0000111001100001 0110110011111011
00 0101100010110010 0100110101100101 1010011000010111
00 0000001111010010 1000010010101001 1000100001111011
00 1000000110010010 0010011001100000 1010011111110010
00 0000101001111001 1010010000101101 1010111010100110
00 1110010101001111 0101010010110111 0011101000000110
00 0110010110100001 1100101000000101 0010111110100110
00 0010110111010101 1000101101110111 1011100101001100
00 0100110010100100 1011010101111101 0000001000100001
00 1010000011000101 0111111101101111 0010000000110100
00 0111110011011111 1101101100010011 0101011111110010
00 0000111111010110 1110100010100111 1111100001111101
00 1000010100010111 0000000111101100 1000011100000011
00 1101100101111100 1111010110011111 1100111100011011
01 0110010101010011 0110110111100100 1001101010111111
01 0110101111010000 0001110101100111 1111011010111111
01 0011101111111011 1101010111100101 1110111000011110
01 1010001110110110 1011100001000100 0101111111111011
01 0111110100011011 1100101011000000 1011011111111111
01 1011001111111001 0111001001001100 1100110110110111
01 1101011001100000 0101101101010010 1010110110111111
01 1100011000010000 1110001011011100 0011110111101111
01 1110011100011100 0100010110101000 1011101011110111
01 0000101001000010 0011110111100110 1111011110111101
01 0111010111011011 0001101011101111 1110111100110100
01 1100010101100111 0001000000001001 1111111111111110
01 1110010111001010 0001000100110011 1111111011111101
01 1101011010010110 1000011000101011 0111100111111101
01 1111000110011011 1010010100101101 0101111011110110
01 0011110101101010 0010010110001100 1101101011110111
01 0001000100111010 0110100000100000 1111111111011111
01 0001000101110111 1010101110101111 1111111011011000
01 0010101010000010 0100101001010001 1111010111111111
01 1111001111000101 0100100001100000 1011111110111111
01 1010110111010010 0111001010010101 1101111101101111
01 1001000011101101 0011101100010110 1110111111111011
01 1100001100111011 1011100000110111 0111111111001100
01 1100011000000110 1000001000011100 0111110111111011
01 1000000110001011 1000010100001110 0111111011110101
01 0011010001111110 0100101011101111 1111111110010001
01 0011001110011111 1110001010001100 1101110101110011
01 0001001001110000 1110000110001111 1111111111111111
01 1010111110000000 0100011000111001 1111100111111111
01 1111111001010000 0111000100111000 1000111111101111
01 0110000101111101 0110000000001000 1001111111110111
01 0100111000001100 1100110001101100 1011001111110011
01 1000111101001010 1100110100100011 0111001011111101
01 0000010111011011 1011010010000001 1111101101111110
01 0110000000011101 1110110100001111 1001111111110010
01 0101100111000001 0001111001011011 1110011110111110
01 1101000100000100 1010000100011001 0111111011111111
01 1001111010100111 1110010101001000 0111101111111111
01 0011011001001100 0111101011010010 1100110110111111
01 0001011101001101 0001100010000100 1110111111111011
01 1000011001000000 0100011101110010 1111100110111111
01 1000000001111000 1000110001001001 0111111110110111
01 0000111000000001 1110001010110111 1111110111111110
01 1000111111001111 0011010101011101 1111101010110010
01 1110000011111101 1111000111100001 0001111100011110
01 0000000111100111 1000001101011100 1111111010111011
01 0110101001001010 1100000100000101 1011111111111111
01 0011001011111110 1111000011011101 1100111100100011
01 1100011111011100 0000111110010000 1111100001101111
01 0010101101100001 1100011111001010 1111110010111111
01 1100110011100111 1010010100110100 0111101111011011
01 1000110001100100 0001100000001010 1111011111111111
01 0010001001101000 0000101000101001 1111110111010111
01 1001101010010010 1010100101100101 0111011111111111
01 0000100101111111 1011001000000011 1111111111111100
01 1011000101010001 0010111111011011 1101111010101110
01 1010111111011110 1111010111101011 0101101000110101
01 1001100001111100 0000110010100011 1111011111011111
01 1110111001001010 1001101101111010 0111010110110101
01 1111010011111110 0101100001100110 1010111110011001
01 0010110000101000 1111000011000110 1101111111111111
01 0101010011000011 0011100010111010 1110111101111101
01 1100101101110111 1111011110100100 0011110011011011
01 1100001001011001 0010011110101100 1111110111110111
01 0111001111001111 0110010001010010 1001111110111101
01 1110111001100101 1110000110110110 0001111111011011
01 0000000000010000 1100000001111110 1111111111101111
01 0001000101100111 0001010110001111 1110111011111000
01 0010111101010011 1000100001010111 1111011110101100
01 0100101000000010 0001101111001011 1111010111111101
01 0111010111101101 0001001101001110 1110111010110011
01 0101101000011110 1010101111011001 1111010111100111
01 1111010111111110 1101000010011000 0010111101100111
01 0000101111100101 0010010001000101 1111111110111010
01 0001010001001111 0101011101100010 1110101110111101
01 0110001110110011 0100001000110111 1011110111001100
01 0101100011000000 1101001111100001 1010111100111111
01 1001001001011001 0001001001101011 1110110110110110
01 0101000110011101 1100111110011011 1011111001100110
01 0010111010010111 1111000100000111 1101111111111000
01 0010000010110101 0101111001000110 1111111111111011
01 0101010010010101 1001111001101001 1110101111111110
01 0001110011001000 1110010110010100 1111101101111111
01 0000100000111000 0010111101101100 1111011111010111
01 1001111000110110 1111010110111100 0110101111001011
01 1000111111011100 1110000100001010 0111111011110111
01 0001110100111101 0000011111110111 1111101011001010
01 1001110101110110 0010111100011111 1111001011101001
01 0110010011000111 1010110110010100 1101101101111011
01 0100011110110000 1110000110100110 1011111001011111
01 0000101000000011 1001011010101111 1111110111111100
01 0010010011110011 1010001110110011 1101111101001100
01 1111000110101000 0111001011101110 1000111101010111
01 0001111110111000 1101000100110101 1110111011001111
01 1000010010111010 0011000110001101 1111111101110111
01 0101111110100010 1110000000110001 1011111111011111
01 1001001110100111 0011110010001100 1110111101111011
01 0111000100001101 0010001000010110 1101111111111011
01 0100001111000110 0011101001010000 1111110110111111
01 1010100111111110 1100001100011001 0111111011100111
10 1110101011000101 0001111001000101 0110001010000000
10 1100101100010111 0001101011010001 1000101110000000
10 0000111010000100 1010010111010111 0100001000000000
10 0110101010100000 0100011000001001 0101000000000000
10 1001111101110111 0011110001101110 1011101110000000
10 0001110000000011 1001000110111011 0000000110000000
10 1011001011101111 1110110001001010 0111011110000000
10 0011010100110000 1110011111000110 1001100000000000
10 0101000001011010 1010100010001000 0010110100000000
10 0111110101000101 1000000000001100 1010001010000000
10 0001110011000110 1000110100011001 0110001100000000
10 0111110011101000 0001011001001110 0111010000000000
10 0111101010001100 1010100111010101 0100011000000000
10 1001001010110111 1011011000101001 0101101110000000
10 0010100110011010 1101001101110011 1100110100000000
10 1000001110110000 0100000010000000 1101100000000000
10 1111100101101100 1110001010000011 1011011000000000
10 1111111110111001 0011001011111000 1101110010000000
10 0001100100100110 1001101100111001 1001001100000000
10 0100101101111000 1011110100110100 1011110000000000
10 0110000111100100 1011111101111000 1111001000000000
10 0111001101100000 0110111100100000 1011000000000000
10 1100000110000100 0101110000001001 1100001000000000
10 0000011011011010 1011011101011111 0110110100000000
10 1111111001111101 0100001011110100 0011111010000000
10 0111111011010001 1010001100010011 0110100010000000
10 0111011111110101 1101011101111101 1111101010000000
10 0011010011100011 1010010111101111 0111000110000000
10 1010001011110011 0000001111110101 0111100110000000
10 1011110001100011 0010111000011111 0011000110000000
10 1000100110000101 0001101101110110 1100001010000000
10 0010010110101010 0001011000001100 1101010100000000
10 0001111111101000 1101011110011000 1111010000000000
10 0110000101101001 0100101010001001 1011010010000000
10 0000000101011111 1111101110011101 1010111110000000
10 1001011110111010 1111010000100011 1101110100000000
10 0100010010111100 1100010000100000 0101111000000000
10 1110001100100001 1011111000101111 1001000010000000
10 0110101000011000 0110110111111011 0000110000000000
10 1001110011010101 0110001110111011 0110101010000000
10 1101010011111111 1010111111011011 0111111110000000
10 0101110001100001 0100001101000111 0011000010000000
10 0111111100100000 0110111100111010 1001000000000000
10 1001111110001111 1010110000111001 1100011110000000
10 0000011010000000 0001110000001011 0100000000000000
10 1110000011110010 1010100010100001 0111100100000000
10 0001011110100110 0000111110011010 1101001100000000
10 0010101100010000 0010001100000110 1000100000000000
10 1100101110000110 1101100111010111 1100001100000000
10 0100010011110001 0110111001001011 0111100010000000
10 1000010010000001 0111110110001001 0100000010000000
10 0011000110111010 1110101001110010 1101110100000000
10 1111000101110100 1100111000010011 1011101000000000
10 0110101011101101 0000100000000100 0111011010000000
10 1111011110010011 1110100010001000 1100100110000000
10 1010101001100110 1000010110010000 0011001100000000
10 1110100000101010 0011011010100101 0001010100000000
10 0010010000001001 0000101100110111 0000010010000000
10 1010111000001110 1100100011110011 0000011100000000
10 0001001100111001 0010100100000000 1001110010000000
10 0011010101101011 1111010111000100 1011010110000000
10 1001101001100100 0010111101010000 0011001000000000
10 1110001001111010 1111100101101011 0011110100000000
10 1000000100010100 1100001001110001 1000101000000000
10 1000000111101100 1101101011111000 1111011000000000
10 0000011000010101 0011100111111000 0000101010000000
10 0000111011000110 1101111011000101 0110001100000000
10 1011110100110001 0101001101011110 1001100010000000
10 1100111000010010 0011011101001101 0000100100000000
10 0110010011011011 0001110101010100 0110110110000000
10 1111011011100110 0000100001001111 0111001100000000
10 1000011001100111 0101010001101010 0011001110000000
10 0100111000111011 1000011000111100 0001110110000000
10 0010100000001001 0101001110001101 0000010010000000
10 0000111011010000 1001100000000100 0110100000000000
10 0010011100000100 1101101000101111 1000001000000000
10 0011111001001001 1000111000010110 0010010010000000
10 1001101000001011 0000101110010010 0000010110000000
10 0110111001010110 0000001101010001 0010101100000000
10 0101011010101000 0111001000001010 0101010000000000
10 1001111000100101 0010111111100100 0001001010000000
10 0101110001100010 0101110100111101 0011000100000000
10 1011110001100011 1111011000000011 0011000110000000
10 0011010101011011 1001100010111011 1010110110000000
10 1100000011010010 1110010110100100 0110100100000000
10 0101010110010111 1000000100001010 1100101110000000
10 0111011010111101 1110011110111001 0101111010000000
10 1001111001100010 0100101010111000 0011000100000000
10 0001001011100100 1101001111110010 0111001000000000
10 0110101011001010 0011110011000101 0110010100000000
10 0000011111110010 0000101011011100 1111100100000000
10 1101000100010100 1111011001110100 1000101000000000
10 1010100101001001 0000011001001110 1010010010000000
10 1110100110000010 0110100001001101 1100000100000000
10 0110010110100010 0011101100110101 1101000100000000
10 0011001010000010 0111101110001010 0100000100000000
10 0111100010010000 0100110111000001 0100100000000000
10 0111000000110010 0110000000000010 0001100100000000
10 1111110101010100 0100100101101111 1010101000000000
10 1011001100001001 1101101110101111 1000010010000000
11 1101010111100011 0010111110011100 1010011001000111
11 0000000000010011 1011010000011110 0100101111110101
11 0000010010110101 1101111011000100 0010010111110001
11 1110101101000010 1000111011101111 0101110001010011
11 1100101010000010 0100010011110100 1000010110001110
11 1011110011000111 1011010000011100 0000100010101011
11 1001101101110111 0011100010000101 0110001011110010
11 0111110000000100 0010101010101111 0101000101010101
11 1000111011101010 1010100101001100 1110010110011110
11 1011100011011100 1110010111001101 1101001100001111
11 0001010111000011 1011101111000010 0101101000000001
11 0010001000111101 0001000011100000 0001000101011101
11 0111001001010101 0100010011111100 0010110101011001
11 1010110001100000 1010100110011101 0000001011000011
11 1110011001111001 1100010100100111 0010000101010010
11 0110101100110111 1010011111110101 1100001101000010
11 0111111010011100 1011010000101000 1100101001110100
11 0111100100100011 0000001001100011 0111011011000000
11 1000011100011110 0001101000110010 0110110011101100
11 1100010101011100 1111000111001100 1101001110010000
11 1101111011111000 0110001010111011 0111110000111101
11 1101010011001001 1110100110010000 1110101100111001
11 0011111011001100 0011110011000000 0000001000001100
11 0100001010010000 1110001010000010 0110000000001110
11 0000011110100101 1010011011001110 0110000011010111
11 0001110000100010 0000110001011101 0000111111000101
11 1000111011001101 0001101111001000 0111001100000101
11 0011101010000011 0110011000001001 1101010001111010
11 1000001011001110 1000101111100001 1111011011101101
11 0001111110101010 1100010111000011 0101100111100111
11 0101010011101111 0011011010111110 0001111000110001
11 0100011000101111 0000010111110111 0100000000111000
11 1111011101101110 0000101101101001 1110110000000101
11 1010001100011001 1000101100011011 0001011111111110
11 0000110001110101 1001001100111010 0111100100111011
11 0011100110010011 1100100000101010 0111000101101001
11 0101001000110001 1110111011100110 0110001101001011
11 0110000011011011 1110011111011100 0111100011111111
11 1101110010111100 0110001111101101 0111100011001111
11 1000111101000000 1110010100001010 1010101000110110
11 0101100100111101 0000000010110111 0101100010000110
11 0111011010011111 1001100101000010 1101110101011101
11 1101001010101011 1100010111011111 0000110011001100
11 0110001000111010 0011101100011100 0010011100011110
11 1110110110100101 1101110100010000 0001000010010101
11 0101011101110010 0010100111001110 0010110110100100
11 1010111010101001 1000111101110000 0001111100111001
11 0111011100101001 0111101010010000 1111110010011001
11 1000000110011110 0001011010110011 0110101011101011
11 0010111100010001 1000101110100001 1010001101110000
11 0000010100000101 0100101011111000 1011101000001101
11 0100111010101111 1000010001001011 1100101001100100
11 1110101010000110 1101100100001101 0001000101111001
11 1111001011101101 0100000001000110 1011001010100111
11 0110101111101000 0000010100111111 0110011010101001
11 1011100111000110 1011001001001100 0000011101111010
11 1000110101111111 0010111101101111 0101111000010000
11 0000001000010011 0111111001000011 1000001111010000
11 1010101101111111 1110010011101110 1100011010010001
11 0010010010010001 0111101000010101 1010101001111100
11 1101110001101001 0110101010011001 0111000111010000
11 0000001110000010 0100110001000011 1011011100111111
11 0100110000011100 1110010110100100 0110011001111000
11 1010110100101000 1111000111001010 1011101101011110
11 0101110010100000 1001001000100001 1100101001111111
11 0101000100011100 0111010111111001 1101101100100011
11 1011110010111101 0001000110101001 1010101100010100
11 1001110110100010 0000111001000101 1000111101011101
11 1110111111100111 1111000011110011 1111111011110100
11 1011110100011111 0001011010101010 1010011001110101
11 0111101001001110 0111100111110000 0000000001011110
11 1101001111010000 1110000010010011 1111001100111101
11 0101101010000101 0011110110011101 0001110011101000
11 0001110000100000 1100001100010001 0101100100001111
11 1011111010110110 1000010001001100 0011101001101010
11 0111010001011001 1110011100111100 1000110100011101
11 0000110100111011 0110110011110001 1010000001001010
11 0011101101000000 0011101011101100 0000000001010100
11 1110010111101101 0000000001001110 1110010110011111
11 1010011101111111 0101011011101000 0101000010010111
11 1101011111101100 0001001110001101 1100010001011111
11 0111001001111000 0011110010000001 0011010111110111
11 0000101011110000 0011000010001101 1101101001100011
11 1110001101000111 1100101010101000 0001100010011111
11 0111000000111110 0011101011101001 0011010101010101
11 0101110010000100 1110111010000111 0110110111111101
11 0100100101000010 0000110101100100 0011101111011110
11 0100110110010100 1000100111110011 1100001110100001
11 0001000101110000 1000001011000110 1000111010101010
11 1011111010001101 1100100010100100 1111010111101001
11 0100010110010101 0111101111001111 1100100111000110
11 0101001000001100 1110100110011000 0110100001110100
11 1010010001010011 1100000001110000 1110001111100011
11 0001111101010101 1000001101000100 1001110000010001
11 1001100011100100 1000101011101001 0000110111111011
11 1001011100101111 0011010010111101 0110001001110010
11 1010010110001011 0101001001011101 0101001100101110
11 1110100110010101 1110001101011110 0000011000110111
11 1000001001001010 1110000011110110 1010000101010100
11 0000010011001101 1101000000010011 0011010010111010
